1000
900003161
900004651
900013463
900005404
900012768
900008076
900019922
900021391
900027994
900018660
900032180
900000613
900024223
900020476
900023287
900002373
900002894
900011847
900006730
900009962
900024768
900024333
900016363
900011374
900004666
900005320
900003960
900032201
900010087
900024015
900011779
900031637
900020229
900031793
900010852
900014868
900018910
900029924
900024531
900010611
900000506
900006687
900026294
900004944
900008723
900005380
900001975
900004475
900016713
900012930
900025882
900025081
900030487
900030586
900020045
900015439
900027526
900016416
900029121
900003069
900014240
900028325
900024825
900013384
900010792
900027923
900006881
900016700
900017544
900001656
900004192
900010738
900001035
900023366
900022320
900002063
900019276
900029946
900032494
900026765
900032751
900015612
900015469
900006590
900012430
900023238
900024400
900006797
900022262
900015689
900017880
900003848
900002708
900021388
900017146
900024091
900014122
900014487
900010933
900023710
900011206
900022159
900030882
900010643
900005621
900017698
900017613
900008104
900015668
900026406
900031427
900000004
900004775
900002940
900001772
900014911
900026894
900005435
900028187
900030130
900026868
900028426
900000868
900016370
900005417
900019918
900012334
900001175
900029555
900001670
900000648
900012866
900011649
900031602
900030145
900012510
900015904
900025723
900010546
900003365
900032434
900030415
900031071
900032102
900010459
900012236
900012095
900009094
900008317
900018207
900014807
900012358
900006631
900003117
900009742
900019395
900028745
900012978
900018620
900026435
900016491
900021159
900020228
900023598
900007071
900008042
900010468
900031835
900026357
900006681
900000522
900030605
900015021
900017214
900015593
900014910
900022002
900004018
900009229
900010651
900031429
900009403
900017835
900024783
900017975
900008056
900011645
900021380
900022747
900027519
900028876
900031143
900025467
900027844
900016591
900026732
900027658
900000189
900030515
900031891
900024282
900006851
900020731
900031209
900016399
900032700
900019338
900017425
900004436
900025847
900022526
900005252
900016332
900030295
900022720
900020951
900011851
900001972
900007513
900027709
900012231
900030078
900020616
900025420
900001545
900030883
900003217
900022788
900014504
900029107
900002519
900022029
900022584
900028483
900007085
900009024
900000447
900029583
900028522
900023657
900013928
900015715
900016827
900008267
900023420
900006203
900032318
900000485
900030349
900030633
900032076
900007924
900031221
900025079
900021526
900032697
900013695
900028173
900027379
900009212
900016227
900022678
900019960
900024913
900027000
900029791
900027594
900030362
900005797
900031231
900014000
900030925
900001176
900031421
900023532
900031992
900023995
900031406
900001356
900009090
900010084
900030238
900022780
900026803
900024653
900022065
900011166
900024182
900025411
900006346
900006300
900013150
900025122
900012204
900029885
900010984
900003328
900023264
900020215
900027392
900014761
900000598
900029573
900017094
900008012
900021199
900009529
900020113
900031347
900008697
900000274
900007476
900011576
900024028
900016401
900014977
900012214
900002934
900019273
900017164
900025791
900006306
900022070
900025906
900009933
900001343
900029519
900029529
900008506
900010125
900022238
900027512
900018867
900004058
900015376
900006107
900003562
900020319
900008264
900011552
900002443
900009829
900018617
900002438
900022642
900023980
900017972
900031079
900022811
900020236
900027454
900009474
900029529
900024925
900026726
900002942
900014155
900031637
900000726
900012076
900026764
900013104
900006439
900022285
900018859
900014805
900027258
900002452
900015323
900020022
900021444
900009388
900001771
900013368
900030569
900014077
900023928
900030804
900000781
900032363
900029025
900000572
900001958
900012256
900011387
900015042
900006102
900027724
900024966
900018678
900008313
900001770
900002400
900010895
900012154
900000196
900024697
900011149
900007402
900023929
900030855
900000284
900019027
900013630
900004731
900003002
900027721
900010275
900021683
900001180
900004675
900005784
900012657
900006734
900024745
900017199
900004492
900016539
900012590
900016803
900005989
900014252
900003424
900022298
900003613
900003700
900014205
900012199
900022789
900009291
900013705
900003347
900030550
900028120
900004765
900021213
900028707
900000309
900019074
900004991
900014987
900011598
900004991
900000755
900030259
900008330
900031342
900029302
900002036
900025262
900001301
900014732
900028368
900009726
900020148
900012356
900025899
900013221
900021211
900007869
900008759
900030550
900023166
900017897
900020401
900028212
900016203
900026001
900001995
900031983
900031035
900025497
900028521
900028976
900010856
900030854
900016527
900012856
900007454
900001341
900022810
900025796
900026676
900030221
900008623
900001587
900011677
900022256
900024818
900017130
900010042
900032014
900020216
900003064
900030194
900027011
900031998
900012278
900026373
900018786
900025947
900031537
900009117
900014074
900014259
900008972
900032423
900008280
900013678
900000159
900021728
900030477
900012904
900024228
900013107
900003377
900003562
900024212
900014146
900017319
900014298
900014605
900024131
900028067
900005678
900023927
900013837
900003434
900024230
900013543
900009330
900020057
900014523
900003139
900014544
900024617
900015315
900027048
900015331
900006001
900007606
900020744
900029149
900030572
900009541
900015384
900017081
900002301
900013674
900018793
900015564
900008944
900001099
900026324
900009629
900001923
900021187
900031516
900003318
900031525
900014354
900021199
900005691
900014461
900021971
900021613
900027643
900026030
900002095
900016332
900004549
900028378
900026193
900031931
900002109
900027109
900010009
900015590
900030574
900026491
900015893
900029946
900021346
900021844
900017581
900028937
900012016
900021942
900000925
900002095
900012502
900012348
900012457
900013174
900024328
900016343
900013451
900003063
900013383
900000530
900003377
900029762
900013300
900011162
900008229
900028928
900028711
900026109
900004429
900029911
900013820
900006834
900029140
900009102
900021549
900028506
900023400
900020594
900012262
900022341
900019366
900015352
900007124
900024120
900021458
900021667
900009600
900004205
900028876
900032552
900019675
900009180
900007999
900010705
900023065
900018105
900000028
900012063
900017859
900014142
900008519
900019379
900026376
900002218
900016016
900011118
900023637
900014730
900003812
900020952
900025125
900032567
900029124
900025022
900003097
900027296
900004343
900002080
900005195
900019017
900019068
900003658
900013536
900028052
900030403
900022336
900016348
900011584
900024349
900019551
900026938
900023855
900030832
900032066
900030525
900002924
900013871
900030435
900019713
900012396
900002441
900005634
900000853
900013460
900024801
900022731
900000973
900028412
900015231
900029619
900023058
900000371
900009605
900011683
900012157
900013763
900012324
900018264
900009444
900016438
900014863
900029194
900032436
900002904
900007216
900006475
900022336
900028927
900003739
900001075
900019289
900001161
900022976
900004538
900021791
900021093
900010212
900005221
900018710
900014549
900002770
900004389
900010621
900015857
900002509
900025980
900017371
900001776
900019402
900006369
900019674
900021667
900012764
900023910
900028248
900010562
900030192
900000920
900031676
900031595
900008634
900026022
900016518
900006760
900029167
900003526
900007467
900010161
900031157
900007125
900026143
900018865
900006744
900011837
900014643
900031693
900009022
900021020
900015649
900008099
900011805
900016035
900032613
900013199
900002923
900024508
900025679
900021108
900021270
900029679
900023895
900024761
900028022
900016774
900022960
900002705
900010368
900009967
900009504
900030592
900011580
900002659
900010510
900022299
900027001
900027845
900017373
900011023
900016831
900009165
900010872
900029284
900008069
900032613
900002094
900006659
900012196
900024147
900020673
900022134
900025868
900030233
900030905
900019184
900005045
900021017
900002046
900008589
900014297
900019965
900015014
900030938
900015713
900003926
900009228
900019096
900023453
900017027
900002082
900012221
900022839
900007893
900024328
900009660
900019562
900030193
900014045
900014598
900011119
900021109
900026581
900014545
900016696
900027102
900020107
900022552
900023137
900026025
900000153
900024547
900015972
900018360
900012135
900022216
900018700
900028152
900011584
900016818
900014380
900031041
900018603
900025057
900000400
900007037
900029176
900005170
900017716
900004365
900024345
900013729
900012212
900018792
900008627
900012556
900024836
900000773
900025461
900006714
900011105
900024188
900015529
900031259
900016007
900011496
900022792
900012369
900004901
900032143
900024275
900003568
900010894
900011973
900019487
900003458
900030385
900001549
900015985
900019535
900032331
900004994
900022666
900010459
900004443
900025717
900014980
900010927
900008663
900018776
900016414
900005980
900005277
900013018
900031061
900022718
900007852
900027220
900004404
900006270
900000660
900010596
900005868
900013530
900016939
900021719
900023847
900029353
900006274
900024269
900025498
900004249
900020503
900005143
900032473
900008124
900018764
900022756
900012912
900017731
900017688
900006301
900028975
900018825
900018429
900027917
900014277
900006227
900010554
900016581
900013713
900005718
900008769
900028863
900030644
900028665
900029291
900012609
900019051
900017757
900027371
900014852
900017564
900022426
900030465
900032150
900012718
900006988
900029808
900028669
900019870
900021583
900028721
900008349
900001871
900007878
900007017
900011100
900015650
900002402
900003225
900017667
900010183
900009441
900008468
900026343
900026451
900011476
900004791
900024010
900026258
900011686
900005588
900016380
900002206
900019418
900004975
900003781
900021680
900004244
900021421
900001800
900005175
900024411
900011401
900025888
900005927
900031005
900002249
900008206
900004756
900012403
